============================
56.480888
61.246449
60.430405
59.365917
60.562481
59.670605
60.352245
59.800575
============================
20.809771
23.325592
23.625412
23.711548
23.93762
22.966816
22.630735
23.018751
============================
12.81111
13.208217
13.729724
13.095179
12.911215
13.390914
13.508506
13.38211
============================
12.565149
13.287185
13.660246
13.444518
13.583146
13.615879
13.310502
13.615879
============================
1.234925
1.227164
1.258718
1.228539
1.228236
1.229139
1.228504
1.256046
